99
96
17
29
72
8
65
62
97
64
44
59
86
56
68
19
9
48
51
19
89
71
8
35
66
74
89
81
8
37
58
66
75
75
5
60
16
65
21
13
77
13
47
87
34
68
95
12
44
81
44
85
12
48
66
50
69
12
60
18
32
50
84
62
92
40
87
47
90
45
47
66
8
61
35
63
2
57
25
73
54
50
87
97
3
28
5
26
9
87
4
78
65
37
59
60
64
30
6
78
75
53
51
29
81
60
30
7
61
59
50
77
24
6
90
87
55
21
35
78
90
2
19
13
60
59
27
79
30
93
66
64
35
61
81
2
54
1
7
5
12
22
22
92
75
5
13
87
4
13
69
42
80
18
83
62
4
24
0
99
34
62
20
66
85
60
12
22
54
24
51
59
75
54
0
22
65
40
54
20
65
22
99
10
39
90
67
94
93
91
13
24
12
48
22
36
14
80
2
60
97
53
52
45
49
95
14
0
63
51
63
75
70
37
45
70
31
26
63
44
57
50
43
75
48
23
74
1
85
64
17
55
32
17
72
40
66
8
26
68
6
0
84
32
16
6
58
66
4
19
92
21
1
48
42
66
86
88
8
70
87
87
29
13
33
8
91
96
83
3
17
40
60
5
19
22
14
77
91
63
70
48
1
89
60
52
94
95
70
47
78
30
91
27
68
26
53
81
79
97
88
83
94
39
47
2
26
2
45
42
84
4
9
57
62
63
7
4
86
45
84
86
94
10
18
10
92
8
8
16
54
14
40
67
11
0
61
66
76
83
69
65
5
61
9
55
52
52
37
46
52
96
64
15
3
34
79
77
50
72
54
57
11
68
19
92
70
82
32
1
25
2
37
25
13
10
87
89
21
52
44
20
38
72
22
46
14
62
87
20
62
51
23
41
83
23
70
87
12
10
58
40
50
39
18
16
22
35
41
36
23
86
20
12
25
73
94
94
82
45
82
31
68
60
96
96
72
66
1
70
37
93
73
78
74
62
19
93
38
32
92
71
50
39
66
27
40
0
24
19
71
16
22
38
63
71
75
93
80
78
11
34
92
36
28
4
85
42
13
95
58
78
56
19
40
7
57
65
17
76
4
78
77
30
42
37
5
12
93
32
39
38
93
91
27
94
62
9
75
31
31
15
25
99
46
51
19
25
78
66
82
92
87
30
1
0
84
20
32
87
82
50
91
11
66
9
24
99
37
9
29
19
38
65
45
17
4
87
67
66
5
18
16
14
95
44
53
98
92
35
89
68
23
70
38
85
71
59
75
27
68
85
78
36
45
78
80
71
35
96
86
74
69
32
79
62
73
15
68
63
76
73
91
52
2
56
75
75
43
7
82
10
7
32
62
51
89
28
39
89
40
29
30
48
11
22
2
82
17
75
63
53
81
12
88
98
13
57
90
91
59
8
28
24
22
43
58
15
53
52
42
83
73
83
78
85
66
55
55
71
64
69
44
69
49
78
42
81
86
40
12
58
67
49
56
54
44
89
1
93
66
89
32
26
44
17
94
65
82
10
20
78
40
36
2
70
76
92
38
19
43
14
60
67
61
60
3
26
95
74
35
41
19
5
23
24
27
11
47
79
92
12
6
98
26
21
21
50
41
74
63
72
18
74
50
8
80
83
33
42
86
63
4
78
33
99
89
7
0
90
95
28
48
58
52
11
55
75
18
25
9
73
15
2
97
49
15
2
62
55
37
61
1
67
25
49
36
46
27
66
53
65
41
40
5
30
36
57
85
86
35
69
3
7
28
22
86
14
90
12
43
28
85
83
52
51
93
74
31
72
76
65
48
61
86
22
96
1
64
52
78
75
39
52
72
84
43
57
91
61
59
91
76
90
79
49
11
50
76
65
46
51
14
96
0
97
32
75
72
79
65
40
60
81
43
3
63
42
28
14
19
39
2
63
5
53
72
13
14
12
43
49
10
48
87
8
36
65
10
94
62
28
19
98
25
77
9
49
69
0
87
5
1
31
76
55
89
13
91
57
13
58
65
66
95
92
92
79
14
62
12
88
78
43
85
12
71
58
64
87
85
34
7
54
7
69
36
52
77
50
58
71
72
87
74
98
72
61
33
15
85
99
55
65
91
66
81
12
36
9
40
45
44
75
41
57
24
94
18
94
28
83
31
21
67
40
34
38
62
36
17
79
25
37
41
61
29
56
37
81
7
16
41
10
50
21
21
39
28
30
18
60
26
82
87
27
99
76
14
5
32
53
98
23
73
95
61
79
57
48
62
67
87
82
76
47
58
26
91
98
